━━━━━━━━━━━━━━━━━━━━━━━━━━━━━━━━━━━━━━━━━━━━━━━━━━━━━━━━━━━━━━━━━━━━━━━━━━━━━━━━━
 Language              Files        Lines         Code     Comments       Blanks
━━━━━━━━━━━━━━━━━━━━━━━━━━━━━━━━━━━━━━━━━━━━━━━━━━━━━━━━━━━━━━━━━━━━━━━━━━━━━━━━━
 CSS                       1          292          250            2           40
 HTML                      1           12           12            0            0
 JavaScript                1           14           10            2            2
 JSON                      4          109          109            0            0
 Nix                       1          193          181            1           11
 Python                   16         1474         1206           20          248
 Shell                     1           28           23            1            4
 Plain Text                2           28            0           28            0
 TOML                      3           85           70            4           11
 TypeScript               34         2206         1944           43          219
 YAML                      1           10            9            1            0
─────────────────────────────────────────────────────────────────────────────────
 Markdown                  6          217            0          157           60
 |- BASH                   4           14           14            0            0
 (Total)                              231           14          157           60
─────────────────────────────────────────────────────────────────────────────────
 Svelte                   60         1734         1648            2           84
 |- JavaScript            59         1608         1423            4          181
 (Total)                             3342         3071            6          265
━━━━━━━━━━━━━━━━━━━━━━━━━━━━━━━━━━━━━━━━━━━━━━━━━━━━━━━━━━━━━━━━━━━━━━━━━━━━━━━━━
 Total                   131         8024         6899          265          860
━━━━━━━━━━━━━━━━━━━━━━━━━━━━━━━━━━━━━━━━━━━━━━━━━━━━━━━━━━━━━━━━━━━━━━━━━━━━━━━━━
